backgroundColorRed:0.0
ambientColorRed:0.20000000298023224
pattern:0
backgroundColorGreen:0.0
backgroundColorBlue:0.0
ambientColorGreen:0.20000000298023224
ior:1.0003
ambientColorBlue:0.20000000298023224
cores:1
hdr:false
width:640
multithreading:true
recursion:3.0
height:480
