backgroundColorRed:0.0
ambientColorRed:0.30000001192092896
pattern:0
backgroundColorGreen:0.0
backgroundColorBlue:0.0
ambientColorGreen:0.30000001192092896
ior:1.0003
ambientColorBlue:0.30000001192092896
cores:1
hdr:false
width:320
multithreading:true
recursion:5.0
height:240
