backgroundColorRed:0.0
ambientColorRed:0.10000000149011612
pattern:0
backgroundColorGreen:0.0
backgroundColorBlue:0.0
ambientColorGreen:0.10000000149011612
ior:1.0003
ambientColorBlue:0.10000000149011612
cores:1
hdr:false
width:640
multithreading:true
recursion:5.0
height:480
