backgroundColorRed:0.0
ambientColorRed:0.3019607961177826
pattern:0
backgroundColorGreen:0.0
backgroundColorBlue:0.0
ambientColorGreen:0.3019607961177826
ior:1.0003
ambientColorBlue:0.3019607961177826
cores:4
hdr:false
width:1280.0
multithreading:true
recursion:5.0
height:720.0
