backgroundColorRed:0.0
ambientColorRed:0.20000000298023224
pattern:1
backgroundColorGreen:0.0
backgroundColorBlue:0.0
ambient:true
ambientColorGreen:0.20000000298023224
ior:1.0003
ambientColorBlue:0.20000000298023224
cores:4
hdr:false
width:640
multithreading:true
recursion:5.0
height:480
